N	rep	n_lines	threshold	chromosome
25543	1	2	0.05	2L
32805	1	2	0.05	2R
27299	1	2	0.05	3L
19009	1	2	0.05	3R
16585	1	2	0.05	X
28516	1	2	0.125	2L
32856	1	2	0.125	2R
20917	1	2	0.125	3L
26231	1	2	0.125	3R
15625	1	2	0.125	X
31655	1	2	0.25	2L
19169	1	2	0.25	2R
20802	1	2	0.25	3L
24371	1	2	0.25	3R
23205	1	2	0.25	X
91309	1	4	0.05	2L
57989	1	4	0.05	2R
71626	1	4	0.05	3L
64726	1	4	0.05	3R
33718	1	4	0.05	X
63752	1	4	0.125	2L
75399	1	4	0.125	2R
65032	1	4	0.125	3L
81100	1	4	0.125	3R
45329	1	4	0.125	X
64248	1	4	0.25	2L
63635	1	4	0.25	2R
71837	1	4	0.25	3L
56212	1	4	0.25	3R
59646	1	4	0.25	X
128694	1	8	0.05	2L
106868	1	8	0.05	2R
154934	1	8	0.05	3L
101133	1	8	0.05	3R
108734	1	8	0.05	X
172477	1	8	0.125	2L
93012	1	8	0.125	2R
118969	1	8	0.125	3L
157739	1	8	0.125	3R
66584	1	8	0.125	X
45395	1	8	0.25	2L
31917	1	8	0.25	2R
47624	1	8	0.25	3L
32329	1	8	0.25	3R
41221	1	8	0.25	X
194215	1	16	0.05	2L
169589	1	16	0.05	2R
244359	1	16	0.05	3L
189267	1	16	0.05	3R
141796	1	16	0.05	X
91017	1	16	0.125	2L
74013	1	16	0.125	2R
112276	1	16	0.125	3L
93340	1	16	0.125	3R
75183	1	16	0.125	X
37993	1	16	0.25	2L
32694	1	16	0.25	2R
49688	1	16	0.25	3L
37210	1	16	0.25	3R
22800	1	16	0.25	X
255224	1	32	0.05	2L
196099	1	32	0.05	2R
195521	1	32	0.05	3L
154578	1	32	0.05	3R
140252	1	32	0.05	X
74823	1	32	0.125	2L
68686	1	32	0.125	2R
82590	1	32	0.125	3L
63630	1	32	0.125	3R
57466	1	32	0.125	X
28393	1	32	0.25	2L
28917	1	32	0.25	2R
34920	1	32	0.25	3L
24976	1	32	0.25	3R
22845	1	32	0.25	X
210472	1	64	0.05	2L
153922	1	64	0.05	2R
219126	1	64	0.05	3L
174735	1	64	0.05	3R
118180	1	64	0.05	X
71444	1	64	0.125	2L
69039	1	64	0.125	2R
76235	1	64	0.125	3L
54967	1	64	0.125	3R
51227	1	64	0.125	X
28672	1	64	0.25	2L
23560	1	64	0.25	2R
31456	1	64	0.25	3L
20729	1	64	0.25	3R
22763	1	64	0.25	X
194875	1	128	0.05	2L
166937	1	128	0.05	2R
205082	1	128	0.05	3L
167898	1	128	0.05	3R
124191	1	128	0.05	X
71566	1	128	0.125	2L
61197	1	128	0.125	2R
80733	1	128	0.125	3L
57640	1	128	0.125	3R
51291	1	128	0.125	X
27298	1	128	0.25	2L
23142	1	128	0.25	2R
29981	1	128	0.25	3L
20246	1	128	0.25	3R
20734	1	128	0.25	X
19067	10	2	0.05	2L
17278	10	2	0.05	2R
35036	10	2	0.05	3L
19012	10	2	0.05	3R
18146	10	2	0.05	X
71675	10	2	0.125	2L
21490	10	2	0.125	2R
27291	10	2	0.125	3L
22722	10	2	0.125	3R
12740	10	2	0.125	X
38624	10	2	0.25	2L
16823	10	2	0.25	2R
49468	10	2	0.25	3L
37369	10	2	0.25	3R
16043	10	2	0.25	X
61083	10	4	0.05	2L
75766	10	4	0.05	2R
106719	10	4	0.05	3L
67961	10	4	0.05	3R
54912	10	4	0.05	X
79959	10	4	0.125	2L
75358	10	4	0.125	2R
67983	10	4	0.125	3L
60272	10	4	0.125	3R
40141	10	4	0.125	X
57608	10	4	0.25	2L
62884	10	4	0.25	2R
88743	10	4	0.25	3L
54515	10	4	0.25	3R
70901	10	4	0.25	X
150170	10	8	0.05	2L
100569	10	8	0.05	2R
154784	10	8	0.05	3L
118972	10	8	0.05	3R
91264	10	8	0.05	X
179954	10	8	0.125	2L
95983	10	8	0.125	2R
138065	10	8	0.125	3L
137129	10	8	0.125	3R
98635	10	8	0.125	X
53102	10	8	0.25	2L
31608	10	8	0.25	2R
52728	10	8	0.25	3L
30205	10	8	0.25	3R
34503	10	8	0.25	X
238633	10	16	0.05	2L
207427	10	16	0.05	2R
229053	10	16	0.05	3L
192621	10	16	0.05	3R
144612	10	16	0.05	X
83392	10	16	0.125	2L
78845	10	16	0.125	2R
102620	10	16	0.125	3L
85217	10	16	0.125	3R
79864	10	16	0.125	X
32684	10	16	0.25	2L
33561	10	16	0.25	2R
36445	10	16	0.25	3L
27483	10	16	0.25	3R
24180	10	16	0.25	X
188419	10	32	0.05	2L
152230	10	32	0.05	2R
197340	10	32	0.05	3L
158156	10	32	0.05	3R
134542	10	32	0.05	X
78248	10	32	0.125	2L
67890	10	32	0.125	2R
100717	10	32	0.125	3L
60178	10	32	0.125	3R
64522	10	32	0.125	X
35047	10	32	0.25	2L
30930	10	32	0.25	2R
33186	10	32	0.25	3L
26263	10	32	0.25	3R
21702	10	32	0.25	X
189119	10	64	0.05	2L
148555	10	64	0.05	2R
207631	10	64	0.05	3L
168036	10	64	0.05	3R
126147	10	64	0.05	X
81558	10	64	0.125	2L
71132	10	64	0.125	2R
85575	10	64	0.125	3L
61736	10	64	0.125	3R
55612	10	64	0.125	X
31127	10	64	0.25	2L
23551	10	64	0.25	2R
30228	10	64	0.25	3L
21499	10	64	0.25	3R
23067	10	64	0.25	X
193133	10	128	0.05	2L
167732	10	128	0.05	2R
205264	10	128	0.05	3L
167998	10	128	0.05	3R
124630	10	128	0.05	X
71713	10	128	0.125	2L
61531	10	128	0.125	2R
80455	10	128	0.125	3L
56998	10	128	0.125	3R
50899	10	128	0.125	X
27295	10	128	0.25	2L
22976	10	128	0.25	2R
30032	10	128	0.25	3L
20112	10	128	0.25	3R
20954	10	128	0.25	X
27337	11	2	0.05	2L
17764	11	2	0.05	2R
14849	11	2	0.05	3L
18184	11	2	0.05	3R
15244	11	2	0.05	X
28018	11	2	0.125	2L
21164	11	2	0.125	2R
40915	11	2	0.125	3L
28443	11	2	0.125	3R
30472	11	2	0.125	X
33984	11	2	0.25	2L
15852	11	2	0.25	2R
28047	11	2	0.25	3L
16405	11	2	0.25	3R
38420	11	2	0.25	X
101252	11	4	0.05	2L
76740	11	4	0.05	2R
62674	11	4	0.05	3L
46516	11	4	0.05	3R
68091	11	4	0.05	X
135134	11	4	0.125	2L
59482	11	4	0.125	2R
45706	11	4	0.125	3L
81327	11	4	0.125	3R
51356	11	4	0.125	X
44703	11	4	0.25	2L
57292	11	4	0.25	2R
42813	11	4	0.25	3L
55444	11	4	0.25	3R
54047	11	4	0.25	X
130085	11	8	0.05	2L
85387	11	8	0.05	2R
147754	11	8	0.05	3L
125061	11	8	0.05	3R
79046	11	8	0.05	X
141586	11	8	0.125	2L
125776	11	8	0.125	2R
125999	11	8	0.125	3L
119571	11	8	0.125	3R
76571	11	8	0.125	X
65036	11	8	0.25	2L
29004	11	8	0.25	2R
50827	11	8	0.25	3L
43755	11	8	0.25	3R
23987	11	8	0.25	X
202136	11	16	0.05	2L
165914	11	16	0.05	2R
180713	11	16	0.05	3L
187334	11	16	0.05	3R
123154	11	16	0.05	X
100434	11	16	0.125	2L
66980	11	16	0.125	2R
118619	11	16	0.125	3L
78907	11	16	0.125	3R
64406	11	16	0.125	X
39970	11	16	0.25	2L
30708	11	16	0.25	2R
39573	11	16	0.25	3L
37353	11	16	0.25	3R
24035	11	16	0.25	X
190877	11	32	0.05	2L
156071	11	32	0.05	2R
200431	11	32	0.05	3L
164910	11	32	0.05	3R
125873	11	32	0.05	X
85330	11	32	0.125	2L
85061	11	32	0.125	2R
85804	11	32	0.125	3L
80005	11	32	0.125	3R
56549	11	32	0.125	X
29475	11	32	0.25	2L
29577	11	32	0.25	2R
38524	11	32	0.25	3L
21443	11	32	0.25	3R
25889	11	32	0.25	X
214667	11	64	0.05	2L
156143	11	64	0.05	2R
202358	11	64	0.05	3L
167942	11	64	0.05	3R
124311	11	64	0.05	X
80344	11	64	0.125	2L
65727	11	64	0.125	2R
90412	11	64	0.125	3L
57397	11	64	0.125	3R
55430	11	64	0.125	X
31539	11	64	0.25	2L
25052	11	64	0.25	2R
32017	11	64	0.25	3L
24105	11	64	0.25	3R
21162	11	64	0.25	X
193354	11	128	0.05	2L
167109	11	128	0.05	2R
205276	11	128	0.05	3L
168040	11	128	0.05	3R
123824	11	128	0.05	X
71729	11	128	0.125	2L
61415	11	128	0.125	2R
80571	11	128	0.125	3L
57569	11	128	0.125	3R
50729	11	128	0.125	X
27306	11	128	0.25	2L
23151	11	128	0.25	2R
29970	11	128	0.25	3L
20195	11	128	0.25	3R
20730	11	128	0.25	X
39451	12	2	0.05	2L
24310	12	2	0.05	2R
55291	12	2	0.05	3L
21402	12	2	0.05	3R
8094	12	2	0.05	X
41165	12	2	0.125	2L
26266	12	2	0.125	2R
26647	12	2	0.125	3L
35871	12	2	0.125	3R
19827	12	2	0.125	X
18498	12	2	0.25	2L
31635	12	2	0.25	2R
30122	12	2	0.25	3L
36601	12	2	0.25	3R
16970	12	2	0.25	X
88234	12	4	0.05	2L
51167	12	4	0.05	2R
60686	12	4	0.05	3L
87167	12	4	0.05	3R
76371	12	4	0.05	X
71350	12	4	0.125	2L
49007	12	4	0.125	2R
65489	12	4	0.125	3L
53232	12	4	0.125	3R
31739	12	4	0.125	X
82789	12	4	0.25	2L
64657	12	4	0.25	2R
76765	12	4	0.25	3L
47073	12	4	0.25	3R
60839	12	4	0.25	X
156462	12	8	0.05	2L
98372	12	8	0.05	2R
149205	12	8	0.05	3L
133658	12	8	0.05	3R
69134	12	8	0.05	X
147652	12	8	0.125	2L
130192	12	8	0.125	2R
129366	12	8	0.125	3L
111936	12	8	0.125	3R
104049	12	8	0.125	X
40179	12	8	0.25	2L
46522	12	8	0.25	2R
41036	12	8	0.25	3L
45308	12	8	0.25	3R
30849	12	8	0.25	X
179328	12	16	0.05	2L
264538	12	16	0.05	2R
211874	12	16	0.05	3L
215880	12	16	0.05	3R
130516	12	16	0.05	X
106017	12	16	0.125	2L
82711	12	16	0.125	2R
113686	12	16	0.125	3L
70704	12	16	0.125	3R
73695	12	16	0.125	X
35670	12	16	0.25	2L
32292	12	16	0.25	2R
49680	12	16	0.25	3L
27674	12	16	0.25	3R
26257	12	16	0.25	X
215445	12	32	0.05	2L
144507	12	32	0.05	2R
232400	12	32	0.05	3L
157740	12	32	0.05	3R
120619	12	32	0.05	X
81421	12	32	0.125	2L
75214	12	32	0.125	2R
85550	12	32	0.125	3L
65326	12	32	0.125	3R
51869	12	32	0.125	X
29678	12	32	0.25	2L
30464	12	32	0.25	2R
31177	12	32	0.25	3L
25354	12	32	0.25	3R
19626	12	32	0.25	X
196835	12	64	0.05	2L
150314	12	64	0.05	2R
196919	12	64	0.05	3L
161997	12	64	0.05	3R
121265	12	64	0.05	X
79886	12	64	0.125	2L
63583	12	64	0.125	2R
77936	12	64	0.125	3L
64924	12	64	0.125	3R
51541	12	64	0.125	X
30941	12	64	0.25	2L
23493	12	64	0.25	2R
28997	12	64	0.25	3L
22550	12	64	0.25	3R
23225	12	64	0.25	X
193805	12	128	0.05	2L
166696	12	128	0.05	2R
205518	12	128	0.05	3L
167949	12	128	0.05	3R
123712	12	128	0.05	X
71817	12	128	0.125	2L
61312	12	128	0.125	2R
80673	12	128	0.125	3L
57518	12	128	0.125	3R
50673	12	128	0.125	X
27290	12	128	0.25	2L
23090	12	128	0.25	2R
29619	12	128	0.25	3L
20302	12	128	0.25	3R
20883	12	128	0.25	X
22655	13	2	0.05	2L
22187	13	2	0.05	2R
25784	13	2	0.05	3L
26418	13	2	0.05	3R
18576	13	2	0.05	X
38427	13	2	0.125	2L
36003	13	2	0.125	2R
29388	13	2	0.125	3L
27272	13	2	0.125	3R
24843	13	2	0.125	X
23686	13	2	0.25	2L
23607	13	2	0.25	2R
32762	13	2	0.25	3L
30088	13	2	0.25	3R
17951	13	2	0.25	X
100389	13	4	0.05	2L
61847	13	4	0.05	2R
50758	13	4	0.05	3L
38013	13	4	0.05	3R
35975	13	4	0.05	X
90552	13	4	0.125	2L
57154	13	4	0.125	2R
101644	13	4	0.125	3L
68498	13	4	0.125	3R
47245	13	4	0.125	X
103973	13	4	0.25	2L
67413	13	4	0.25	2R
77220	13	4	0.25	3L
80078	13	4	0.25	3R
52057	13	4	0.25	X
151147	13	8	0.05	2L
102626	13	8	0.05	2R
180463	13	8	0.05	3L
136559	13	8	0.05	3R
90330	13	8	0.05	X
140901	13	8	0.125	2L
101063	13	8	0.125	2R
110916	13	8	0.125	3L
101247	13	8	0.125	3R
92367	13	8	0.125	X
46392	13	8	0.25	2L
40544	13	8	0.25	2R
46825	13	8	0.25	3L
41774	13	8	0.25	3R
44814	13	8	0.25	X
267117	13	16	0.05	2L
159266	13	16	0.05	2R
239434	13	16	0.05	3L
210769	13	16	0.05	3R
125092	13	16	0.05	X
77976	13	16	0.125	2L
84465	13	16	0.125	2R
118813	13	16	0.125	3L
87975	13	16	0.125	3R
63615	13	16	0.125	X
38621	13	16	0.25	2L
29727	13	16	0.25	2R
47027	13	16	0.25	3L
35579	13	16	0.25	3R
30338	13	16	0.25	X
215875	13	32	0.05	2L
155237	13	32	0.05	2R
164386	13	32	0.05	3L
162303	13	32	0.05	3R
117862	13	32	0.05	X
78734	13	32	0.125	2L
80025	13	32	0.125	2R
88219	13	32	0.125	3L
76645	13	32	0.125	3R
56771	13	32	0.125	X
42539	13	32	0.25	2L
32810	13	32	0.25	2R
29899	13	32	0.25	3L
25912	13	32	0.25	3R
25907	13	32	0.25	X
198360	13	64	0.05	2L
149685	13	64	0.05	2R
204679	13	64	0.05	3L
171990	13	64	0.05	3R
122784	13	64	0.05	X
72789	13	64	0.125	2L
63717	13	64	0.125	2R
87387	13	64	0.125	3L
55104	13	64	0.125	3R
54948	13	64	0.125	X
28272	13	64	0.25	2L
24902	13	64	0.25	2R
30786	13	64	0.25	3L
21692	13	64	0.25	3R
22328	13	64	0.25	X
194487	13	128	0.05	2L
166972	13	128	0.05	2R
205231	13	128	0.05	3L
167998	13	128	0.05	3R
124690	13	128	0.05	X
71399	13	128	0.125	2L
59948	13	128	0.125	2R
80455	13	128	0.125	3L
57352	13	128	0.125	3R
50785	13	128	0.125	X
27286	13	128	0.25	2L
23047	13	128	0.25	2R
30087	13	128	0.25	3L
20150	13	128	0.25	3R
20959	13	128	0.25	X
31370	14	2	0.05	2L
44763	14	2	0.05	2R
38792	14	2	0.05	3L
12847	14	2	0.05	3R
19543	14	2	0.05	X
22656	14	2	0.125	2L
38136	14	2	0.125	2R
24329	14	2	0.125	3L
15936	14	2	0.125	3R
14496	14	2	0.125	X
23714	14	2	0.25	2L
19377	14	2	0.25	2R
43602	14	2	0.25	3L
35723	14	2	0.25	3R
34168	14	2	0.25	X
78661	14	4	0.05	2L
56431	14	4	0.05	2R
95716	14	4	0.05	3L
56408	14	4	0.05	3R
37644	14	4	0.05	X
86376	14	4	0.125	2L
55359	14	4	0.125	2R
54170	14	4	0.125	3L
82551	14	4	0.125	3R
68987	14	4	0.125	X
107060	14	4	0.25	2L
45009	14	4	0.25	2R
69293	14	4	0.25	3L
63261	14	4	0.25	3R
63235	14	4	0.25	X
136735	14	8	0.05	2L
111626	14	8	0.05	2R
152819	14	8	0.05	3L
106785	14	8	0.05	3R
72342	14	8	0.05	X
131245	14	8	0.125	2L
78499	14	8	0.125	2R
155742	14	8	0.125	3L
75858	14	8	0.125	3R
91550	14	8	0.125	X
39830	14	8	0.25	2L
36394	14	8	0.25	2R
43254	14	8	0.25	3L
52648	14	8	0.25	3R
26762	14	8	0.25	X
215249	14	16	0.05	2L
262270	14	16	0.05	2R
201611	14	16	0.05	3L
191835	14	16	0.05	3R
144326	14	16	0.05	X
126423	14	16	0.125	2L
76140	14	16	0.125	2R
123818	14	16	0.125	3L
76431	14	16	0.125	3R
61620	14	16	0.125	X
32658	14	16	0.25	2L
46256	14	16	0.25	2R
39430	14	16	0.25	3L
41297	14	16	0.25	3R
31608	14	16	0.25	X
224971	14	32	0.05	2L
157751	14	32	0.05	2R
193797	14	32	0.05	3L
173376	14	32	0.05	3R
123561	14	32	0.05	X
74665	14	32	0.125	2L
84252	14	32	0.125	2R
89838	14	32	0.125	3L
57386	14	32	0.125	3R
61154	14	32	0.125	X
34874	14	32	0.25	2L
24749	14	32	0.25	2R
36522	14	32	0.25	3L
22196	14	32	0.25	3R
27106	14	32	0.25	X
188645	14	64	0.05	2L
185747	14	64	0.05	2R
201954	14	64	0.05	3L
181096	14	64	0.05	3R
121715	14	64	0.05	X
77248	14	64	0.125	2L
70427	14	64	0.125	2R
82273	14	64	0.125	3L
65803	14	64	0.125	3R
52694	14	64	0.125	X
27290	14	64	0.25	2L
23895	14	64	0.25	2R
31256	14	64	0.25	3L
23122	14	64	0.25	3R
21720	14	64	0.25	X
192916	14	128	0.05	2L
167449	14	128	0.05	2R
204825	14	128	0.05	3L
168694	14	128	0.05	3R
124080	14	128	0.05	X
71819	14	128	0.125	2L
61338	14	128	0.125	2R
80478	14	128	0.125	3L
57162	14	128	0.125	3R
51089	14	128	0.125	X
27384	14	128	0.25	2L
23223	14	128	0.25	2R
30084	14	128	0.25	3L
20176	14	128	0.25	3R
20962	14	128	0.25	X
30282	15	2	0.05	2L
27742	15	2	0.05	2R
22903	15	2	0.05	3L
39328	15	2	0.05	3R
15876	15	2	0.05	X
59386	15	2	0.125	2L
27349	15	2	0.125	2R
15594	15	2	0.125	3L
33697	15	2	0.125	3R
24638	15	2	0.125	X
34745	15	2	0.25	2L
12675	15	2	0.25	2R
23526	15	2	0.25	3L
24680	15	2	0.25	3R
14744	15	2	0.25	X
77172	15	4	0.05	2L
51779	15	4	0.05	2R
96916	15	4	0.05	3L
88258	15	4	0.05	3R
54556	15	4	0.05	X
65688	15	4	0.125	2L
41433	15	4	0.125	2R
53787	15	4	0.125	3L
56469	15	4	0.125	3R
54745	15	4	0.125	X
69919	15	4	0.25	2L
52887	15	4	0.25	2R
85719	15	4	0.25	3L
38110	15	4	0.25	3R
33565	15	4	0.25	X
124689	15	8	0.05	2L
81790	15	8	0.05	2R
144303	15	8	0.05	3L
110703	15	8	0.05	3R
87647	15	8	0.05	X
131934	15	8	0.125	2L
102174	15	8	0.125	2R
178628	15	8	0.125	3L
128852	15	8	0.125	3R
90673	15	8	0.125	X
48247	15	8	0.25	2L
32782	15	8	0.25	2R
37831	15	8	0.25	3L
42705	15	8	0.25	3R
48828	15	8	0.25	X
230315	15	16	0.05	2L
145609	15	16	0.05	2R
241178	15	16	0.05	3L
176969	15	16	0.05	3R
144738	15	16	0.05	X
106073	15	16	0.125	2L
114450	15	16	0.125	2R
109316	15	16	0.125	3L
77889	15	16	0.125	3R
70738	15	16	0.125	X
50499	15	16	0.25	2L
36002	15	16	0.25	2R
42915	15	16	0.25	3L
31949	15	16	0.25	3R
33465	15	16	0.25	X
195234	15	32	0.05	2L
139363	15	32	0.05	2R
200848	15	32	0.05	3L
149814	15	32	0.05	3R
120039	15	32	0.05	X
81079	15	32	0.125	2L
85866	15	32	0.125	2R
94559	15	32	0.125	3L
70269	15	32	0.125	3R
60703	15	32	0.125	X
31290	15	32	0.25	2L
26807	15	32	0.25	2R
38127	15	32	0.25	3L
24644	15	32	0.25	3R
25144	15	32	0.25	X
208115	15	64	0.05	2L
178335	15	64	0.05	2R
211890	15	64	0.05	3L
170126	15	64	0.05	3R
126970	15	64	0.05	X
80099	15	64	0.125	2L
71239	15	64	0.125	2R
76109	15	64	0.125	3L
74433	15	64	0.125	3R
50492	15	64	0.125	X
28644	15	64	0.25	2L
22962	15	64	0.25	2R
30317	15	64	0.25	3L
22408	15	64	0.25	3R
20104	15	64	0.25	X
193929	15	128	0.05	2L
167599	15	128	0.05	2R
205601	15	128	0.05	3L
168558	15	128	0.05	3R
124321	15	128	0.05	X
71840	15	128	0.125	2L
61184	15	128	0.125	2R
80353	15	128	0.125	3L
57310	15	128	0.125	3R
50500	15	128	0.125	X
27060	15	128	0.25	2L
23185	15	128	0.25	2R
30036	15	128	0.25	3L
20176	15	128	0.25	3R
20916	15	128	0.25	X
41858	16	2	0.05	2L
20404	16	2	0.05	2R
61647	16	2	0.05	3L
23020	16	2	0.05	3R
35868	16	2	0.05	X
39188	16	2	0.125	2L
20618	16	2	0.125	2R
28216	16	2	0.125	3L
13912	16	2	0.125	3R
21255	16	2	0.125	X
20321	16	2	0.25	2L
21310	16	2	0.25	2R
51618	16	2	0.25	3L
34596	16	2	0.25	3R
24842	16	2	0.25	X
88710	16	4	0.05	2L
77552	16	4	0.05	2R
63316	16	4	0.05	3L
37965	16	4	0.05	3R
44252	16	4	0.05	X
57044	16	4	0.125	2L
165064	16	4	0.125	2R
94410	16	4	0.125	3L
31219	16	4	0.125	3R
37339	16	4	0.125	X
62887	16	4	0.25	2L
70281	16	4	0.25	2R
55634	16	4	0.25	3L
45717	16	4	0.25	3R
53727	16	4	0.25	X
148859	16	8	0.05	2L
133355	16	8	0.05	2R
155217	16	8	0.05	3L
143488	16	8	0.05	3R
81672	16	8	0.05	X
108143	16	8	0.125	2L
208748	16	8	0.125	2R
141464	16	8	0.125	3L
92653	16	8	0.125	3R
91628	16	8	0.125	X
66800	16	8	0.25	2L
45889	16	8	0.25	2R
52214	16	8	0.25	3L
52364	16	8	0.25	3R
33812	16	8	0.25	X
231378	16	16	0.05	2L
188300	16	16	0.05	2R
202936	16	16	0.05	3L
214248	16	16	0.05	3R
117480	16	16	0.05	X
86866	16	16	0.125	2L
81770	16	16	0.125	2R
114300	16	16	0.125	3L
75444	16	16	0.125	3R
63863	16	16	0.125	X
34690	16	16	0.25	2L
32742	16	16	0.25	2R
40632	16	16	0.25	3L
31811	16	16	0.25	3R
29449	16	16	0.25	X
209775	16	32	0.05	2L
169752	16	32	0.05	2R
189383	16	32	0.05	3L
162247	16	32	0.05	3R
121542	16	32	0.05	X
93064	16	32	0.125	2L
84215	16	32	0.125	2R
100330	16	32	0.125	3L
70092	16	32	0.125	3R
59266	16	32	0.125	X
30555	16	32	0.25	2L
27051	16	32	0.25	2R
35861	16	32	0.25	3L
21847	16	32	0.25	3R
20609	16	32	0.25	X
206770	16	64	0.05	2L
181943	16	64	0.05	2R
195027	16	64	0.05	3L
178460	16	64	0.05	3R
122745	16	64	0.05	X
83709	16	64	0.125	2L
69850	16	64	0.125	2R
86606	16	64	0.125	3L
65114	16	64	0.125	3R
56976	16	64	0.125	X
27173	16	64	0.25	2L
20687	16	64	0.25	2R
31738	16	64	0.25	3L
22696	16	64	0.25	3R
21461	16	64	0.25	X
194159	16	128	0.05	2L
167643	16	128	0.05	2R
203623	16	128	0.05	3L
168032	16	128	0.05	3R
123328	16	128	0.05	X
71888	16	128	0.125	2L
61338	16	128	0.125	2R
80256	16	128	0.125	3L
57251	16	128	0.125	3R
51210	16	128	0.125	X
27314	16	128	0.25	2L
23117	16	128	0.25	2R
29897	16	128	0.25	3L
20176	16	128	0.25	3R
20861	16	128	0.25	X
27704	17	2	0.05	2L
18225	17	2	0.05	2R
19497	17	2	0.05	3L
34830	17	2	0.05	3R
20655	17	2	0.05	X
15028	17	2	0.125	2L
32511	17	2	0.125	2R
14718	17	2	0.125	3L
28512	17	2	0.125	3R
24270	17	2	0.125	X
35590	17	2	0.25	2L
28555	17	2	0.25	2R
29700	17	2	0.25	3L
17913	17	2	0.25	3R
30422	17	2	0.25	X
56625	17	4	0.05	2L
40045	17	4	0.05	2R
56465	17	4	0.05	3L
42313	17	4	0.05	3R
45231	17	4	0.05	X
77634	17	4	0.125	2L
49108	17	4	0.125	2R
88300	17	4	0.125	3L
39921	17	4	0.125	3R
52178	17	4	0.125	X
103040	17	4	0.25	2L
55994	17	4	0.25	2R
78471	17	4	0.25	3L
51597	17	4	0.25	3R
40608	17	4	0.25	X
153965	17	8	0.05	2L
96116	17	8	0.05	2R
135251	17	8	0.05	3L
88007	17	8	0.05	3R
92618	17	8	0.05	X
144172	17	8	0.125	2L
109258	17	8	0.125	2R
123986	17	8	0.125	3L
114324	17	8	0.125	3R
90063	17	8	0.125	X
53239	17	8	0.25	2L
49784	17	8	0.25	2R
56848	17	8	0.25	3L
37893	17	8	0.25	3R
30765	17	8	0.25	X
251149	17	16	0.05	2L
158173	17	16	0.05	2R
219848	17	16	0.05	3L
215872	17	16	0.05	3R
138004	17	16	0.05	X
81385	17	16	0.125	2L
78210	17	16	0.125	2R
98681	17	16	0.125	3L
80414	17	16	0.125	3R
59118	17	16	0.125	X
36604	17	16	0.25	2L
26014	17	16	0.25	2R
32478	17	16	0.25	3L
24899	17	16	0.25	3R
30581	17	16	0.25	X
183607	17	32	0.05	2L
143990	17	32	0.05	2R
189434	17	32	0.05	3L
168711	17	32	0.05	3R
117038	17	32	0.05	X
68810	17	32	0.125	2L
87555	17	32	0.125	2R
102096	17	32	0.125	3L
69574	17	32	0.125	3R
66715	17	32	0.125	X
34506	17	32	0.25	2L
29987	17	32	0.25	2R
29762	17	32	0.25	3L
25195	17	32	0.25	3R
25997	17	32	0.25	X
194725	17	64	0.05	2L
177724	17	64	0.05	2R
204376	17	64	0.05	3L
165630	17	64	0.05	3R
129869	17	64	0.05	X
81635	17	64	0.125	2L
66182	17	64	0.125	2R
93656	17	64	0.125	3L
63089	17	64	0.125	3R
52422	17	64	0.125	X
28812	17	64	0.25	2L
22576	17	64	0.25	2R
32758	17	64	0.25	3L
22472	17	64	0.25	3R
23095	17	64	0.25	X
193875	17	128	0.05	2L
167682	17	128	0.05	2R
205174	17	128	0.05	3L
168637	17	128	0.05	3R
123609	17	128	0.05	X
71070	17	128	0.125	2L
60351	17	128	0.125	2R
79919	17	128	0.125	3L
57453	17	128	0.125	3R
51096	17	128	0.125	X
27106	17	128	0.25	2L
23076	17	128	0.25	2R
29904	17	128	0.25	3L
20276	17	128	0.25	3R
20937	17	128	0.25	X
68879	18	2	0.05	2L
18166	18	2	0.05	2R
34566	18	2	0.05	3L
32653	18	2	0.05	3R
27758	18	2	0.05	X
23510	18	2	0.125	2L
27489	18	2	0.125	2R
31912	18	2	0.125	3L
36090	18	2	0.125	3R
11780	18	2	0.125	X
21319	18	2	0.25	2L
26876	18	2	0.25	2R
25000	18	2	0.25	3L
40832	18	2	0.25	3R
35539	18	2	0.25	X
51320	18	4	0.05	2L
33636	18	4	0.05	2R
66650	18	4	0.05	3L
61686	18	4	0.05	3R
29770	18	4	0.05	X
55980	18	4	0.125	2L
51983	18	4	0.125	2R
99082	18	4	0.125	3L
64438	18	4	0.125	3R
40406	18	4	0.125	X
95012	18	4	0.25	2L
43333	18	4	0.25	2R
67345	18	4	0.25	3L
60766	18	4	0.25	3R
59373	18	4	0.25	X
171223	18	8	0.05	2L
154032	18	8	0.05	2R
152938	18	8	0.05	3L
120881	18	8	0.05	3R
80809	18	8	0.05	X
144863	18	8	0.125	2L
124483	18	8	0.125	2R
114333	18	8	0.125	3L
142211	18	8	0.125	3R
100622	18	8	0.125	X
41831	18	8	0.25	2L
43196	18	8	0.25	2R
38226	18	8	0.25	3L
33949	18	8	0.25	3R
29741	18	8	0.25	X
231851	18	16	0.05	2L
180584	18	16	0.05	2R
206519	18	16	0.05	3L
205637	18	16	0.05	3R
149719	18	16	0.05	X
70918	18	16	0.125	2L
74505	18	16	0.125	2R
109990	18	16	0.125	3L
93762	18	16	0.125	3R
70677	18	16	0.125	X
35570	18	16	0.25	2L
29616	18	16	0.25	2R
45619	18	16	0.25	3L
25701	18	16	0.25	3R
30772	18	16	0.25	X
215455	18	32	0.05	2L
208093	18	32	0.05	2R
192995	18	32	0.05	3L
163225	18	32	0.05	3R
131349	18	32	0.05	X
93462	18	32	0.125	2L
59192	18	32	0.125	2R
74942	18	32	0.125	3L
78838	18	32	0.125	3R
60364	18	32	0.125	X
30110	18	32	0.25	2L
24049	18	32	0.25	2R
32068	18	32	0.25	3L
24345	18	32	0.25	3R
25074	18	32	0.25	X
209667	18	64	0.05	2L
181571	18	64	0.05	2R
194694	18	64	0.05	3L
162399	18	64	0.05	3R
125466	18	64	0.05	X
73622	18	64	0.125	2L
60318	18	64	0.125	2R
89724	18	64	0.125	3L
58818	18	64	0.125	3R
54169	18	64	0.125	X
26682	18	64	0.25	2L
24571	18	64	0.25	2R
39061	18	64	0.25	3L
21674	18	64	0.25	3R
21774	18	64	0.25	X
190084	18	128	0.05	2L
166729	18	128	0.05	2R
202790	18	128	0.05	3L
168032	18	128	0.05	3R
123895	18	128	0.05	X
71087	18	128	0.125	2L
61344	18	128	0.125	2R
80751	18	128	0.125	3L
57652	18	128	0.125	3R
51290	18	128	0.125	X
27044	18	128	0.25	2L
23193	18	128	0.25	2R
30021	18	128	0.25	3L
20145	18	128	0.25	3R
20923	18	128	0.25	X
22996	19	2	0.05	2L
30883	19	2	0.05	2R
34755	19	2	0.05	3L
42186	19	2	0.05	3R
13305	19	2	0.05	X
27116	19	2	0.125	2L
16964	19	2	0.125	2R
42556	19	2	0.125	3L
26732	19	2	0.125	3R
20157	19	2	0.125	X
27354	19	2	0.25	2L
11836	19	2	0.25	2R
33468	19	2	0.25	3L
11951	19	2	0.25	3R
46025	19	2	0.25	X
95562	19	4	0.05	2L
65063	19	4	0.05	2R
70188	19	4	0.05	3L
50915	19	4	0.05	3R
60262	19	4	0.05	X
46945	19	4	0.125	2L
39057	19	4	0.125	2R
48652	19	4	0.125	3L
55699	19	4	0.125	3R
35543	19	4	0.125	X
60335	19	4	0.25	2L
41171	19	4	0.25	2R
89303	19	4	0.25	3L
49648	19	4	0.25	3R
43888	19	4	0.25	X
113497	19	8	0.05	2L
134525	19	8	0.05	2R
162179	19	8	0.05	3L
108626	19	8	0.05	3R
87969	19	8	0.05	X
138870	19	8	0.125	2L
108510	19	8	0.125	2R
154764	19	8	0.125	3L
113222	19	8	0.125	3R
92143	19	8	0.125	X
53512	19	8	0.25	2L
41867	19	8	0.25	2R
68547	19	8	0.25	3L
31191	19	8	0.25	3R
29807	19	8	0.25	X
211241	19	16	0.05	2L
203298	19	16	0.05	2R
258132	19	16	0.05	3L
210986	19	16	0.05	3R
138191	19	16	0.05	X
88123	19	16	0.125	2L
89830	19	16	0.125	2R
114088	19	16	0.125	3L
75354	19	16	0.125	3R
68097	19	16	0.125	X
33878	19	16	0.25	2L
37236	19	16	0.25	2R
45189	19	16	0.25	3L
33418	19	16	0.25	3R
21441	19	16	0.25	X
194701	19	32	0.05	2L
134281	19	32	0.05	2R
202408	19	32	0.05	3L
171694	19	32	0.05	3R
115027	19	32	0.05	X
83857	19	32	0.125	2L
66291	19	32	0.125	2R
102568	19	32	0.125	3L
63265	19	32	0.125	3R
59538	19	32	0.125	X
30796	19	32	0.25	2L
23759	19	32	0.25	2R
38563	19	32	0.25	3L
24563	19	32	0.25	3R
25503	19	32	0.25	X
184742	19	64	0.05	2L
172145	19	64	0.05	2R
199855	19	64	0.05	3L
157852	19	64	0.05	3R
134581	19	64	0.05	X
77210	19	64	0.125	2L
70631	19	64	0.125	2R
81427	19	64	0.125	3L
57978	19	64	0.125	3R
49953	19	64	0.125	X
28846	19	64	0.25	2L
26361	19	64	0.25	2R
29885	19	64	0.25	3L
22065	19	64	0.25	3R
21192	19	64	0.25	X
194042	19	128	0.05	2L
167732	19	128	0.05	2R
205264	19	128	0.05	3L
168850	19	128	0.05	3R
124563	19	128	0.05	X
71855	19	128	0.125	2L
61531	19	128	0.125	2R
78581	19	128	0.125	3L
57314	19	128	0.125	3R
51175	19	128	0.125	X
27362	19	128	0.25	2L
23138	19	128	0.25	2R
30020	19	128	0.25	3L
20149	19	128	0.25	3R
20931	19	128	0.25	X
16586	2	2	0.05	2L
25504	2	2	0.05	2R
16621	2	2	0.05	3L
44858	2	2	0.05	3R
22440	2	2	0.05	X
21620	2	2	0.125	2L
18895	2	2	0.125	2R
35680	2	2	0.125	3L
23066	2	2	0.125	3R
17953	2	2	0.125	X
51075	2	2	0.25	2L
11831	2	2	0.25	2R
61059	2	2	0.25	3L
17736	2	2	0.25	3R
26718	2	2	0.25	X
114182	2	4	0.05	2L
41361	2	4	0.05	2R
124012	2	4	0.05	3L
63009	2	4	0.05	3R
59081	2	4	0.05	X
67375	2	4	0.125	2L
60734	2	4	0.125	2R
65346	2	4	0.125	3L
59373	2	4	0.125	3R
61614	2	4	0.125	X
62761	2	4	0.25	2L
62314	2	4	0.25	2R
126139	2	4	0.25	3L
75752	2	4	0.25	3R
64940	2	4	0.25	X
122256	2	8	0.05	2L
101992	2	8	0.05	2R
139019	2	8	0.05	3L
112142	2	8	0.05	3R
57421	2	8	0.05	X
133756	2	8	0.125	2L
123858	2	8	0.125	2R
149258	2	8	0.125	3L
106529	2	8	0.125	3R
82164	2	8	0.125	X
62227	2	8	0.25	2L
45891	2	8	0.25	2R
44222	2	8	0.25	3L
54997	2	8	0.25	3R
29285	2	8	0.25	X
237176	2	16	0.05	2L
184131	2	16	0.05	2R
224958	2	16	0.05	3L
235989	2	16	0.05	3R
125370	2	16	0.05	X
68254	2	16	0.125	2L
72409	2	16	0.125	2R
105736	2	16	0.125	3L
60737	2	16	0.125	3R
58808	2	16	0.125	X
31636	2	16	0.25	2L
28452	2	16	0.25	2R
50808	2	16	0.25	3L
28140	2	16	0.25	3R
25549	2	16	0.25	X
209570	2	32	0.05	2L
162169	2	32	0.05	2R
189912	2	32	0.05	3L
169126	2	32	0.05	3R
128018	2	32	0.05	X
107657	2	32	0.125	2L
77986	2	32	0.125	2R
73082	2	32	0.125	3L
69155	2	32	0.125	3R
65226	2	32	0.125	X
28188	2	32	0.25	2L
27746	2	32	0.25	2R
35760	2	32	0.25	3L
26148	2	32	0.25	3R
23037	2	32	0.25	X
215926	2	64	0.05	2L
143486	2	64	0.05	2R
201553	2	64	0.05	3L
173205	2	64	0.05	3R
114575	2	64	0.05	X
79386	2	64	0.125	2L
60670	2	64	0.125	2R
84140	2	64	0.125	3L
67411	2	64	0.125	3R
53931	2	64	0.125	X
29882	2	64	0.25	2L
22316	2	64	0.25	2R
29320	2	64	0.25	3L
21530	2	64	0.25	3R
21968	2	64	0.25	X
193289	2	128	0.05	2L
166911	2	128	0.05	2R
204778	2	128	0.05	3L
168006	2	128	0.05	3R
124148	2	128	0.05	X
71211	2	128	0.125	2L
61538	2	128	0.125	2R
79238	2	128	0.125	3L
56560	2	128	0.125	3R
51375	2	128	0.125	X
27267	2	128	0.25	2L
23135	2	128	0.25	2R
30044	2	128	0.25	3L
19939	2	128	0.25	3R
20843	2	128	0.25	X
32263	20	2	0.05	2L
23577	20	2	0.05	2R
26556	20	2	0.05	3L
17947	20	2	0.05	3R
34460	20	2	0.05	X
33716	20	2	0.125	2L
42155	20	2	0.125	2R
29565	20	2	0.125	3L
32223	20	2	0.125	3R
17378	20	2	0.125	X
22753	20	2	0.25	2L
19785	20	2	0.25	2R
31213	20	2	0.25	3L
24695	20	2	0.25	3R
44238	20	2	0.25	X
106610	20	4	0.05	2L
48203	20	4	0.05	2R
89186	20	4	0.05	3L
51922	20	4	0.05	3R
54979	20	4	0.05	X
81940	20	4	0.125	2L
53866	20	4	0.125	2R
77114	20	4	0.125	3L
78345	20	4	0.125	3R
58275	20	4	0.125	X
46059	20	4	0.25	2L
54978	20	4	0.25	2R
100248	20	4	0.25	3L
47614	20	4	0.25	3R
31061	20	4	0.25	X
119938	20	8	0.05	2L
99523	20	8	0.05	2R
126162	20	8	0.05	3L
116812	20	8	0.05	3R
97149	20	8	0.05	X
148839	20	8	0.125	2L
138662	20	8	0.125	2R
135514	20	8	0.125	3L
130075	20	8	0.125	3R
72589	20	8	0.125	X
53912	20	8	0.25	2L
52186	20	8	0.25	2R
33252	20	8	0.25	3L
52341	20	8	0.25	3R
28506	20	8	0.25	X
234250	20	16	0.05	2L
185436	20	16	0.05	2R
191501	20	16	0.05	3L
197995	20	16	0.05	3R
147857	20	16	0.05	X
95298	20	16	0.125	2L
70453	20	16	0.125	2R
66733	20	16	0.125	3L
73977	20	16	0.125	3R
65528	20	16	0.125	X
41388	20	16	0.25	2L
32360	20	16	0.25	2R
40382	20	16	0.25	3L
27568	20	16	0.25	3R
30913	20	16	0.25	X
179000	20	32	0.05	2L
171048	20	32	0.05	2R
211639	20	32	0.05	3L
171851	20	32	0.05	3R
129431	20	32	0.05	X
98791	20	32	0.125	2L
59157	20	32	0.125	2R
86865	20	32	0.125	3L
50641	20	32	0.125	3R
56976	20	32	0.125	X
29867	20	32	0.25	2L
34209	20	32	0.25	2R
35952	20	32	0.25	3L
28604	20	32	0.25	3R
18333	20	32	0.25	X
193242	20	64	0.05	2L
135527	20	64	0.05	2R
200468	20	64	0.05	3L
179491	20	64	0.05	3R
123841	20	64	0.05	X
83333	20	64	0.125	2L
63559	20	64	0.125	2R
83374	20	64	0.125	3L
56882	20	64	0.125	3R
55634	20	64	0.125	X
29060	20	64	0.25	2L
24868	20	64	0.25	2R
31056	20	64	0.25	3L
20654	20	64	0.25	3R
22448	20	64	0.25	X
194175	20	128	0.05	2L
166820	20	128	0.05	2R
203568	20	128	0.05	3L
168096	20	128	0.05	3R
123996	20	128	0.05	X
70840	20	128	0.125	2L
61295	20	128	0.125	2R
80579	20	128	0.125	3L
57421	20	128	0.125	3R
50787	20	128	0.125	X
27229	20	128	0.25	2L
23027	20	128	0.25	2R
29948	20	128	0.25	3L
20169	20	128	0.25	3R
20916	20	128	0.25	X
27219	3	2	0.05	2L
19433	3	2	0.05	2R
56199	3	2	0.05	3L
27524	3	2	0.05	3R
17666	3	2	0.05	X
64504	3	2	0.125	2L
28710	3	2	0.125	2R
30528	3	2	0.125	3L
13103	3	2	0.125	3R
31508	3	2	0.125	X
27784	3	2	0.25	2L
14192	3	2	0.25	2R
38762	3	2	0.25	3L
26175	3	2	0.25	3R
30371	3	2	0.25	X
105873	3	4	0.05	2L
44790	3	4	0.05	2R
62701	3	4	0.05	3L
67906	3	4	0.05	3R
44695	3	4	0.05	X
72849	3	4	0.125	2L
70547	3	4	0.125	2R
48123	3	4	0.125	3L
35357	3	4	0.125	3R
48604	3	4	0.125	X
60250	3	4	0.25	2L
61574	3	4	0.25	2R
80139	3	4	0.25	3L
45524	3	4	0.25	3R
44190	3	4	0.25	X
160371	3	8	0.05	2L
144295	3	8	0.05	2R
140593	3	8	0.05	3L
141715	3	8	0.05	3R
85592	3	8	0.05	X
125175	3	8	0.125	2L
95119	3	8	0.125	2R
95305	3	8	0.125	3L
82748	3	8	0.125	3R
82398	3	8	0.125	X
55760	3	8	0.25	2L
47999	3	8	0.25	2R
64694	3	8	0.25	3L
44175	3	8	0.25	3R
33649	3	8	0.25	X
231968	3	16	0.05	2L
143390	3	16	0.05	2R
291173	3	16	0.05	3L
183238	3	16	0.05	3R
155178	3	16	0.05	X
78859	3	16	0.125	2L
72600	3	16	0.125	2R
110906	3	16	0.125	3L
104908	3	16	0.125	3R
64779	3	16	0.125	X
37362	3	16	0.25	2L
27586	3	16	0.25	2R
46050	3	16	0.25	3L
34298	3	16	0.25	3R
27906	3	16	0.25	X
219782	3	32	0.05	2L
155082	3	32	0.05	2R
190687	3	32	0.05	3L
170236	3	32	0.05	3R
125236	3	32	0.05	X
95479	3	32	0.125	2L
72009	3	32	0.125	2R
79229	3	32	0.125	3L
61550	3	32	0.125	3R
59123	3	32	0.125	X
34771	3	32	0.25	2L
25003	3	32	0.25	2R
38916	3	32	0.25	3L
23745	3	32	0.25	3R
23536	3	32	0.25	X
216063	3	64	0.05	2L
185798	3	64	0.05	2R
204890	3	64	0.05	3L
168473	3	64	0.05	3R
119023	3	64	0.05	X
71541	3	64	0.125	2L
76564	3	64	0.125	2R
91298	3	64	0.125	3L
65523	3	64	0.125	3R
50923	3	64	0.125	X
27776	3	64	0.25	2L
24609	3	64	0.25	2R
30710	3	64	0.25	3L
21856	3	64	0.25	3R
22308	3	64	0.25	X
192505	3	128	0.05	2L
167578	3	128	0.05	2R
201113	3	128	0.05	3L
168859	3	128	0.05	3R
124010	3	128	0.05	X
71598	3	128	0.125	2L
61531	3	128	0.125	2R
80511	3	128	0.125	3L
57071	3	128	0.125	3R
51123	3	128	0.125	X
27415	3	128	0.25	2L
23134	3	128	0.25	2R
30038	3	128	0.25	3L
20056	3	128	0.25	3R
20917	3	128	0.25	X
45533	4	2	0.05	2L
11515	4	2	0.05	2R
61121	4	2	0.05	3L
24655	4	2	0.05	3R
13348	4	2	0.05	X
19510	4	2	0.125	2L
23798	4	2	0.125	2R
25000	4	2	0.125	3L
34698	4	2	0.125	3R
22138	4	2	0.125	X
28174	4	2	0.25	2L
25401	4	2	0.25	2R
18827	4	2	0.25	3L
35327	4	2	0.25	3R
23642	4	2	0.25	X
81604	4	4	0.05	2L
74665	4	4	0.05	2R
49535	4	4	0.05	3L
43543	4	4	0.05	3R
40896	4	4	0.05	X
56170	4	4	0.125	2L
51996	4	4	0.125	2R
42163	4	4	0.125	3L
87705	4	4	0.125	3R
43318	4	4	0.125	X
103072	4	4	0.25	2L
79752	4	4	0.25	2R
68228	4	4	0.25	3L
48720	4	4	0.25	3R
61024	4	4	0.25	X
185562	4	8	0.05	2L
118278	4	8	0.05	2R
133259	4	8	0.05	3L
109110	4	8	0.05	3R
96836	4	8	0.05	X
134906	4	8	0.125	2L
203282	4	8	0.125	2R
94986	4	8	0.125	3L
76836	4	8	0.125	3R
85129	4	8	0.125	X
53587	4	8	0.25	2L
31377	4	8	0.25	2R
41478	4	8	0.25	3L
41420	4	8	0.25	3R
28654	4	8	0.25	X
212975	4	16	0.05	2L
184965	4	16	0.05	2R
254105	4	16	0.05	3L
166796	4	16	0.05	3R
119346	4	16	0.05	X
118297	4	16	0.125	2L
73500	4	16	0.125	2R
125022	4	16	0.125	3L
74846	4	16	0.125	3R
80548	4	16	0.125	X
49010	4	16	0.25	2L
30192	4	16	0.25	2R
43244	4	16	0.25	3L
29267	4	16	0.25	3R
32985	4	16	0.25	X
194827	4	32	0.05	2L
162989	4	32	0.05	2R
217509	4	32	0.05	3L
197997	4	32	0.05	3R
121882	4	32	0.05	X
73226	4	32	0.125	2L
71748	4	32	0.125	2R
88729	4	32	0.125	3L
66152	4	32	0.125	3R
56449	4	32	0.125	X
30696	4	32	0.25	2L
25211	4	32	0.25	2R
40690	4	32	0.25	3L
27362	4	32	0.25	3R
25357	4	32	0.25	X
190015	4	64	0.05	2L
183456	4	64	0.05	2R
211240	4	64	0.05	3L
175331	4	64	0.05	3R
132980	4	64	0.05	X
86260	4	64	0.125	2L
64904	4	64	0.125	2R
80382	4	64	0.125	3L
63522	4	64	0.125	3R
48811	4	64	0.125	X
30953	4	64	0.25	2L
27251	4	64	0.25	2R
32984	4	64	0.25	3L
20131	4	64	0.25	3R
21126	4	64	0.25	X
192139	4	128	0.05	2L
166387	4	128	0.05	2R
205626	4	128	0.05	3L
165947	4	128	0.05	3R
123979	4	128	0.05	X
70850	4	128	0.125	2L
61528	4	128	0.125	2R
80424	4	128	0.125	3L
56998	4	128	0.125	3R
51243	4	128	0.125	X
26983	4	128	0.25	2L
23084	4	128	0.25	2R
29967	4	128	0.25	3L
19972	4	128	0.25	3R
20834	4	128	0.25	X
40713	5	2	0.05	2L
34830	5	2	0.05	2R
56910	5	2	0.05	3L
29344	5	2	0.05	3R
15569	5	2	0.05	X
33143	5	2	0.125	2L
22536	5	2	0.125	2R
43315	5	2	0.125	3L
30065	5	2	0.125	3R
19212	5	2	0.125	X
50904	5	2	0.25	2L
20530	5	2	0.25	2R
19561	5	2	0.25	3L
29243	5	2	0.25	3R
17177	5	2	0.25	X
63104	5	4	0.05	2L
41511	5	4	0.05	2R
93953	5	4	0.05	3L
53583	5	4	0.05	3R
53645	5	4	0.05	X
111869	5	4	0.125	2L
57647	5	4	0.125	2R
64091	5	4	0.125	3L
91985	5	4	0.125	3R
59979	5	4	0.125	X
58281	5	4	0.25	2L
39468	5	4	0.25	2R
65647	5	4	0.25	3L
51587	5	4	0.25	3R
28056	5	4	0.25	X
118156	5	8	0.05	2L
87676	5	8	0.05	2R
145633	5	8	0.05	3L
113445	5	8	0.05	3R
73375	5	8	0.05	X
118721	5	8	0.125	2L
110184	5	8	0.125	2R
175048	5	8	0.125	3L
94598	5	8	0.125	3R
100789	5	8	0.125	X
43478	5	8	0.25	2L
31808	5	8	0.25	2R
43120	5	8	0.25	3L
30117	5	8	0.25	3R
36471	5	8	0.25	X
276192	5	16	0.05	2L
170798	5	16	0.05	2R
215382	5	16	0.05	3L
186102	5	16	0.05	3R
111469	5	16	0.05	X
121851	5	16	0.125	2L
113542	5	16	0.125	2R
115464	5	16	0.125	3L
77460	5	16	0.125	3R
52088	5	16	0.125	X
40444	5	16	0.25	2L
30073	5	16	0.25	2R
32998	5	16	0.25	3L
38512	5	16	0.25	3R
31932	5	16	0.25	X
217824	5	32	0.05	2L
160828	5	32	0.05	2R
199048	5	32	0.05	3L
154543	5	32	0.05	3R
105037	5	32	0.05	X
64887	5	32	0.125	2L
70659	5	32	0.125	2R
79487	5	32	0.125	3L
62733	5	32	0.125	3R
65497	5	32	0.125	X
28633	5	32	0.25	2L
27174	5	32	0.25	2R
34329	5	32	0.25	3L
24058	5	32	0.25	3R
26283	5	32	0.25	X
193650	5	64	0.05	2L
163119	5	64	0.05	2R
195210	5	64	0.05	3L
175241	5	64	0.05	3R
127108	5	64	0.05	X
71748	5	64	0.125	2L
63409	5	64	0.125	2R
83644	5	64	0.125	3L
65012	5	64	0.125	3R
50825	5	64	0.125	X
28385	5	64	0.25	2L
24280	5	64	0.25	2R
33848	5	64	0.25	3L
21362	5	64	0.25	3R
20019	5	64	0.25	X
194415	5	128	0.05	2L
167149	5	128	0.05	2R
204880	5	128	0.05	3L
168627	5	128	0.05	3R
124073	5	128	0.05	X
71585	5	128	0.125	2L
61160	5	128	0.125	2R
80408	5	128	0.125	3L
57377	5	128	0.125	3R
51185	5	128	0.125	X
26993	5	128	0.25	2L
23086	5	128	0.25	2R
29653	5	128	0.25	3L
20174	5	128	0.25	3R
20906	5	128	0.25	X
26490	6	2	0.05	2L
46305	6	2	0.05	2R
33788	6	2	0.05	3L
16154	6	2	0.05	3R
21360	6	2	0.05	X
29635	6	2	0.125	2L
20655	6	2	0.125	2R
33063	6	2	0.125	3L
21840	6	2	0.125	3R
27155	6	2	0.125	X
29051	6	2	0.25	2L
18696	6	2	0.25	2R
40575	6	2	0.25	3L
31067	6	2	0.25	3R
33363	6	2	0.25	X
70517	6	4	0.05	2L
45106	6	4	0.05	2R
86020	6	4	0.05	3L
67410	6	4	0.05	3R
55168	6	4	0.05	X
60576	6	4	0.125	2L
55394	6	4	0.125	2R
87902	6	4	0.125	3L
52499	6	4	0.125	3R
49936	6	4	0.125	X
69069	6	4	0.25	2L
73931	6	4	0.25	2R
51245	6	4	0.25	3L
85630	6	4	0.25	3R
50145	6	4	0.25	X
142491	6	8	0.05	2L
208559	6	8	0.05	2R
100097	6	8	0.05	3L
100352	6	8	0.05	3R
82485	6	8	0.05	X
140143	6	8	0.125	2L
123492	6	8	0.125	2R
173152	6	8	0.125	3L
161317	6	8	0.125	3R
88747	6	8	0.125	X
45174	6	8	0.25	2L
38991	6	8	0.25	2R
54495	6	8	0.25	3L
36000	6	8	0.25	3R
35875	6	8	0.25	X
244160	6	16	0.05	2L
257940	6	16	0.05	2R
246341	6	16	0.05	3L
181602	6	16	0.05	3R
141599	6	16	0.05	X
120839	6	16	0.125	2L
74223	6	16	0.125	2R
107727	6	16	0.125	3L
95921	6	16	0.125	3R
63222	6	16	0.125	X
28721	6	16	0.25	2L
34814	6	16	0.25	2R
46233	6	16	0.25	3L
26198	6	16	0.25	3R
29009	6	16	0.25	X
173234	6	32	0.05	2L
145086	6	32	0.05	2R
228031	6	32	0.05	3L
175273	6	32	0.05	3R
132348	6	32	0.05	X
86704	6	32	0.125	2L
75948	6	32	0.125	2R
99485	6	32	0.125	3L
57543	6	32	0.125	3R
60723	6	32	0.125	X
30172	6	32	0.25	2L
31731	6	32	0.25	2R
38858	6	32	0.25	3L
20585	6	32	0.25	3R
20375	6	32	0.25	X
181808	6	64	0.05	2L
155873	6	64	0.05	2R
207296	6	64	0.05	3L
179059	6	64	0.05	3R
126250	6	64	0.05	X
72833	6	64	0.125	2L
71628	6	64	0.125	2R
76931	6	64	0.125	3L
61279	6	64	0.125	3R
53079	6	64	0.125	X
28308	6	64	0.25	2L
25394	6	64	0.25	2R
32445	6	64	0.25	3L
22408	6	64	0.25	3R
22073	6	64	0.25	X
194030	6	128	0.05	2L
167468	6	128	0.05	2R
204705	6	128	0.05	3L
168286	6	128	0.05	3R
122823	6	128	0.05	X
71841	6	128	0.125	2L
61544	6	128	0.125	2R
79479	6	128	0.125	3L
57103	6	128	0.125	3R
51180	6	128	0.125	X
27157	6	128	0.25	2L
23137	6	128	0.25	2R
30078	6	128	0.25	3L
20024	6	128	0.25	3R
20936	6	128	0.25	X
31488	7	2	0.05	2L
46019	7	2	0.05	2R
27392	7	2	0.05	3L
26347	7	2	0.05	3R
15796	7	2	0.05	X
31253	7	2	0.125	2L
37798	7	2	0.125	2R
49574	7	2	0.125	3L
18026	7	2	0.125	3R
18010	7	2	0.125	X
39250	7	2	0.25	2L
17705	7	2	0.25	2R
21117	7	2	0.25	3L
35189	7	2	0.25	3R
24684	7	2	0.25	X
63906	7	4	0.05	2L
58226	7	4	0.05	2R
78187	7	4	0.05	3L
76485	7	4	0.05	3R
54986	7	4	0.05	X
87128	7	4	0.125	2L
57951	7	4	0.125	2R
68056	7	4	0.125	3L
44585	7	4	0.125	3R
38809	7	4	0.125	X
55530	7	4	0.25	2L
64901	7	4	0.25	2R
101093	7	4	0.25	3L
83832	7	4	0.25	3R
48640	7	4	0.25	X
119245	7	8	0.05	2L
104976	7	8	0.05	2R
121896	7	8	0.05	3L
117704	7	8	0.05	3R
96631	7	8	0.05	X
145840	7	8	0.125	2L
76497	7	8	0.125	2R
157387	7	8	0.125	3L
87256	7	8	0.125	3R
71921	7	8	0.125	X
50563	7	8	0.25	2L
38482	7	8	0.25	2R
63022	7	8	0.25	3L
34561	7	8	0.25	3R
39418	7	8	0.25	X
249503	7	16	0.05	2L
199706	7	16	0.05	2R
228010	7	16	0.05	3L
167890	7	16	0.05	3R
149357	7	16	0.05	X
95517	7	16	0.125	2L
125108	7	16	0.125	2R
115110	7	16	0.125	3L
76978	7	16	0.125	3R
57761	7	16	0.125	X
42397	7	16	0.25	2L
25713	7	16	0.25	2R
36240	7	16	0.25	3L
28196	7	16	0.25	3R
29193	7	16	0.25	X
172284	7	32	0.05	2L
194237	7	32	0.05	2R
200374	7	32	0.05	3L
152060	7	32	0.05	3R
127936	7	32	0.05	X
83900	7	32	0.125	2L
71969	7	32	0.125	2R
96585	7	32	0.125	3L
64046	7	32	0.125	3R
55798	7	32	0.125	X
29122	7	32	0.25	2L
30645	7	32	0.25	2R
38381	7	32	0.25	3L
21950	7	32	0.25	3R
24475	7	32	0.25	X
202323	7	64	0.05	2L
141199	7	64	0.05	2R
199086	7	64	0.05	3L
164947	7	64	0.05	3R
133701	7	64	0.05	X
73951	7	64	0.125	2L
67998	7	64	0.125	2R
77633	7	64	0.125	3L
63287	7	64	0.125	3R
52241	7	64	0.125	X
29637	7	64	0.25	2L
24599	7	64	0.25	2R
33208	7	64	0.25	3L
22260	7	64	0.25	3R
20633	7	64	0.25	X
193133	7	128	0.05	2L
166242	7	128	0.05	2R
204499	7	128	0.05	3L
168793	7	128	0.05	3R
123824	7	128	0.05	X
71555	7	128	0.125	2L
61341	7	128	0.125	2R
80733	7	128	0.125	3L
57273	7	128	0.125	3R
50934	7	128	0.125	X
27406	7	128	0.25	2L
23156	7	128	0.25	2R
29811	7	128	0.25	3L
20266	7	128	0.25	3R
20883	7	128	0.25	X
42825	8	2	0.05	2L
25384	8	2	0.05	2R
36091	8	2	0.05	3L
31322	8	2	0.05	3R
29014	8	2	0.05	X
44977	8	2	0.125	2L
43082	8	2	0.125	2R
19289	8	2	0.125	3L
37170	8	2	0.125	3R
16087	8	2	0.125	X
23906	8	2	0.25	2L
15665	8	2	0.25	2R
16467	8	2	0.25	3L
22033	8	2	0.25	3R
19552	8	2	0.25	X
49240	8	4	0.05	2L
73213	8	4	0.05	2R
49138	8	4	0.05	3L
62943	8	4	0.05	3R
40803	8	4	0.05	X
80893	8	4	0.125	2L
49342	8	4	0.125	2R
72291	8	4	0.125	3L
60301	8	4	0.125	3R
69115	8	4	0.125	X
59766	8	4	0.25	2L
56121	8	4	0.25	2R
76454	8	4	0.25	3L
67744	8	4	0.25	3R
35216	8	4	0.25	X
105145	8	8	0.05	2L
78892	8	8	0.05	2R
124123	8	8	0.05	3L
88889	8	8	0.05	3R
91103	8	8	0.05	X
175716	8	8	0.125	2L
220884	8	8	0.125	2R
143133	8	8	0.125	3L
143499	8	8	0.125	3R
75368	8	8	0.125	X
40259	8	8	0.25	2L
30013	8	8	0.25	2R
39163	8	8	0.25	3L
46214	8	8	0.25	3R
38208	8	8	0.25	X
208965	8	16	0.05	2L
153135	8	16	0.05	2R
294394	8	16	0.05	3L
190390	8	16	0.05	3R
133323	8	16	0.05	X
84993	8	16	0.125	2L
88566	8	16	0.125	2R
81715	8	16	0.125	3L
81936	8	16	0.125	3R
62285	8	16	0.125	X
30449	8	16	0.25	2L
29774	8	16	0.25	2R
35328	8	16	0.25	3L
28720	8	16	0.25	3R
32740	8	16	0.25	X
213058	8	32	0.05	2L
156535	8	32	0.05	2R
210134	8	32	0.05	3L
155940	8	32	0.05	3R
130883	8	32	0.05	X
73870	8	32	0.125	2L
75607	8	32	0.125	2R
110109	8	32	0.125	3L
59912	8	32	0.125	3R
50970	8	32	0.125	X
31053	8	32	0.25	2L
33218	8	32	0.25	2R
32836	8	32	0.25	3L
22509	8	32	0.25	3R
26538	8	32	0.25	X
207613	8	64	0.05	2L
183858	8	64	0.05	2R
214361	8	64	0.05	3L
158017	8	64	0.05	3R
119979	8	64	0.05	X
83746	8	64	0.125	2L
56100	8	64	0.125	2R
83721	8	64	0.125	3L
62395	8	64	0.125	3R
60642	8	64	0.125	X
33017	8	64	0.25	2L
27279	8	64	0.25	2R
31108	8	64	0.25	3L
21362	8	64	0.25	3R
22126	8	64	0.25	X
194175	8	128	0.05	2L
165008	8	128	0.05	2R
206021	8	128	0.05	3L
167114	8	128	0.05	3R
124321	8	128	0.05	X
71612	8	128	0.125	2L
61273	8	128	0.125	2R
80179	8	128	0.125	3L
57106	8	128	0.125	3R
51259	8	128	0.125	X
27298	8	128	0.25	2L
23015	8	128	0.25	2R
29572	8	128	0.25	3L
20213	8	128	0.25	3R
20889	8	128	0.25	X
26718	9	2	0.05	2L
36756	9	2	0.05	2R
41124	9	2	0.05	3L
15465	9	2	0.05	3R
24555	9	2	0.05	X
30036	9	2	0.125	2L
21787	9	2	0.125	2R
41807	9	2	0.125	3L
28948	9	2	0.125	3R
28895	9	2	0.125	X
48393	9	2	0.25	2L
112025	9	2	0.25	2R
19274	9	2	0.25	3L
19528	9	2	0.25	3R
14410	9	2	0.25	X
64581	9	4	0.05	2L
82354	9	4	0.05	2R
122790	9	4	0.05	3L
80606	9	4	0.05	3R
40683	9	4	0.05	X
48983	9	4	0.125	2L
46530	9	4	0.125	2R
114162	9	4	0.125	3L
66136	9	4	0.125	3R
47658	9	4	0.125	X
50277	9	4	0.25	2L
65296	9	4	0.25	2R
61610	9	4	0.25	3L
67832	9	4	0.25	3R
55854	9	4	0.25	X
125971	9	8	0.05	2L
104737	9	8	0.05	2R
126343	9	8	0.05	3L
95193	9	8	0.05	3R
84072	9	8	0.05	X
131397	9	8	0.125	2L
89244	9	8	0.125	2R
124618	9	8	0.125	3L
143460	9	8	0.125	3R
79636	9	8	0.125	X
71861	9	8	0.25	2L
46584	9	8	0.25	2R
57158	9	8	0.25	3L
35372	9	8	0.25	3R
30680	9	8	0.25	X
225444	9	16	0.05	2L
144503	9	16	0.05	2R
213283	9	16	0.05	3L
217600	9	16	0.05	3R
134474	9	16	0.05	X
107659	9	16	0.125	2L
97894	9	16	0.125	2R
102566	9	16	0.125	3L
70815	9	16	0.125	3R
68160	9	16	0.125	X
38559	9	16	0.25	2L
33926	9	16	0.25	2R
26710	9	16	0.25	3L
37813	9	16	0.25	3R
26940	9	16	0.25	X
193664	9	32	0.05	2L
129789	9	32	0.05	2R
183701	9	32	0.05	3L
166829	9	32	0.05	3R
119409	9	32	0.05	X
87262	9	32	0.125	2L
63973	9	32	0.125	2R
89804	9	32	0.125	3L
64835	9	32	0.125	3R
66191	9	32	0.125	X
30532	9	32	0.25	2L
31117	9	32	0.25	2R
30897	9	32	0.25	3L
24027	9	32	0.25	3R
25252	9	32	0.25	X
192997	9	64	0.05	2L
166563	9	64	0.05	2R
194919	9	64	0.05	3L
184265	9	64	0.05	3R
117909	9	64	0.05	X
76092	9	64	0.125	2L
56582	9	64	0.125	2R
86258	9	64	0.125	3L
54018	9	64	0.125	3R
54695	9	64	0.125	X
29446	9	64	0.25	2L
27302	9	64	0.25	2R
31275	9	64	0.25	3L
21744	9	64	0.25	3R
21750	9	64	0.25	X
194237	9	128	0.05	2L
166479	9	128	0.05	2R
203444	9	128	0.05	3L
167299	9	128	0.05	3R
124141	9	128	0.05	X
71487	9	128	0.125	2L
61207	9	128	0.125	2R
80394	9	128	0.125	3L
57603	9	128	0.125	3R
50785	9	128	0.125	X
27271	9	128	0.25	2L
23186	9	128	0.25	2R
29897	9	128	0.25	3L
20195	9	128	0.25	3R
20947	9	128	0.25	X
